5
1
1
1
1
5
1
5
1
1
5
1
5
5
2
10
1
5
5
10
10
50
1
20
5
5
5
1
5
5
5
2
5
10
1
1
1
1
5
1
1
5
1
2
1
2
5
5
5
1
1
5
1
1
5
5
5
2
1
1
5
5
5
1
1
1
10
20
50
20
1
10
1
2
5
10
2
1
1
5
1
2
1
2
5
2
1
1
5
1
2
1
5
2
20
100
5
1
1
5
1
2
5
1
100
1
2
5
1
10
1
50
20
1
5
1
20
10
5
100
2
1
1
2
5
2
5
20
2
5
5
5
1
2
1
20
1
5
20
5
1
10
1
1
1
5
20
5
5
20
5
2
1
20
10
1
1
2
5
1
20
1
2
1
1
2
1
5
1
1
1
5
5
5
1
2
5
2
5
5
2
2
20
20
2
5
1
20
1
10
5
5
20
1
100
1
5
1
1
5
5
1
5
100
5
1
1
5
5
5
1
2
5
2
5
1
1
10
5
5
1
1
1
100
5
5
5
100
5
5
5
100
1
5
2
5
2
1
5
2
5
20
1
2
2
1
5
5
5
1
1
1
